1.86113 0.597257 0.204633 0.0876431 0.0541549 0.0206666 0.00686829 0.00232135 0.00116067 
0.597257 1.19451 0.409266 0.175286 0.10831 0.0413332 0.0137366 0.00464269 0.00232135 
0.204633 0.409266 1.21091 0.518628 0.320461 0.122295 0.0406431 0.0137366 0.00686829 
0.0876431 0.175286 0.518628 1.56055 0.964264 0.367983 0.122295 0.0413332 0.0206666 
0.0541549 0.10831 0.320461 0.964264 2.52676 0.964264 0.320461 0.10831 0.0541549 
0.0206666 0.0413332 0.122295 0.367983 0.964264 1.56055 0.518628 0.175286 0.0876431 
0.00686829 0.0137366 0.0406431 0.122295 0.320461 0.518628 1.21091 0.409266 0.204633 
0.00232135 0.00464269 0.0137366 0.0413332 0.10831 0.175286 0.409266 1.19451 0.597257 
0.00116067 0.00232135 0.00686829 0.0206666 0.0541549 0.0876431 0.204633 0.597257 1.86113 
